image: e3.pgm
resolution: 0.050000
origin: [-13.879536, -19.485388, 0.000000]
negate: 0
occupied_thresh: 0.65
free_thresh: 0.196

