image: my_map9.pgm
resolution: 0.050000
origin: [-10.986005, -2.973494, 0.000000]
#origin: [0.0, 0.0, 0.0]
negate: 0
occupied_thresh: 0.65
free_thresh: 0.196

