image: my_map4.yaml.pgm
resolution: 0.050000
origin: [-8.451052, -11.231601, 0.000000]
negate: 0
occupied_thresh: 0.65
free_thresh: 0.196

